  
 pp123   :
  tin =  3.000000000000E+07 din =  1.500000000000E+02 ein =  6.417710666219E+15
  tout=  3.000000000000E+07 dout=  1.500000000000E+02 eout=  3.370287674440E+18
  enuc=  3.364E+00 sum = -1.998E-15 nbad=   25 nok=   64
  
 top  7 mass fractions:
 he4  = 9.919E-01 h1   = 8.136E-03 he3  = 5.201E-12 be7  = 3.412E-13 li7  = 1.910E-18
 h2   = 3.546E-20 b8   = 8.279E-21 
  
 cpu time : 00 hrs  00 min  00 sec       0 usec


